a280.tsp 96,623 2579
ali535.tsp 1525 202384
att48.tsp 0,3 10628
att532.tsp 1778,96 27731
bayg29.tsp 0,043 1610
bays29.tsp 0,05 2020
berlin52.tsp 0,374 7542
bier127.tsp 10,209 118282
brazil58.tsp 0,479 25395
brg180.tsp 12,824 1950
burma14.tsp 0,004 3323
ch130.tsp 10,91 6110
ch150.tsp 10,43 6528
d198.tsp 33,639 15780
d493.tsp 1132,48 35042
dantzig42.tsp 0,161 699
eil101.tsp 4,436 629
eil51.tsp 0,369 426
eil76.tsp 1,549 538
fl417.tsp 365,503 11861
fri26.tsp 0,033 937
gil262.tsp 82,271 2378,7
gr120.tsp 9,065 6942
gr137.tsp 11,348 69853
gr17.tsp 0,008 2085
gr202.tsp 37,105 40160,1
gr21.tsp 0,014 2707
gr229.tsp 61,498 134613
gr24.tsp 0,028 1272
gr431.tsp 721,745 171530
gr48.tsp 0,314 5046
gr96.tsp 3,475 55209
hk48.tsp 0,336 11461
kroA100.tsp 3,468 21282
kroA150.tsp 11,751 26524
kroA200.tsp 32,951 29368
kroB100.tsp 3,748 22141
kroB150.tsp 10,634 26130
kroB200.tsp 35,53 29437,2
kroC100.tsp 3,568 20749
kroD100.tsp 4,114 21294
kroE100.tsp 3,745 22068
lin105.tsp 4,355 14379
lin318.tsp 188,78 42045,7
linhp318.tsp 187,536 42053,1
pcb442.tsp 597,431 50876
pr107.tsp 4,582 44303
pr124.tsp 7,021 59030
pr136.tsp 13,632 96772
pr144.tsp 10,479 58537
pr152.tsp 8,708 73682
pr226.tsp 45,27 80369
pr264.tsp 64,758 49135
pr299.tsp 130,098 48194,8
pr76.tsp 1,366 108159
rat195.tsp 28,046 2326,1
rat99.tsp 4,115 1211
rd100.tsp 3,983 7910
rd400.tsp 498,288 15296,1
si175.tsp 17,333 21407
si535.tsp 758,534 48466,8
st70.tsp 1,03 675
swiss42.tsp 0,155 1273
ts225.tsp 28,869 126643
tsp225.tsp 45,368 3916
u159.tsp 10,828 42080
ulysses16.tsp 0,008 6859
ulysses22.tsp 0,019 7013